SUPPLEMENTUM—Io 783

1113336103 y 6111111056 luego 11135 gente. 13653365 56 113 3313631330
1336110 y 56 11326 gran fruto 603 13 313133 gracia, asi 63 105 63-
111011605, 601110 63 13 6033615103 36 111361105 336 nolo 6133. Α313
6033615330 6516 obispo un 11613110 63 Roma 603 13 113633 1361110-
113 361 Ρ. Μ110. [357362.

No 33131305 11311330 113513 0103132, 36 30336 53113105 3 105
29 36 Αςο510, 63116 133135 naciones y 313615133365 36 gente
como auia 63 61 6Χ616110, 33163 305 11121656 3651113261. Vn 11013-
1116 36 3 6333110, 63116 01105 336 1763133 (16 1301161313 31 63616110,
venia por medio 361 6313130 1101 30336 30501105 51131305, y no
3116116330 365313156 (60130 31263 56 53616 113261, 336 66363 105
(16 63113110 3 105 6061165), vno delos 63331105 (161 606116 63 336
5711311105 310 173 11060 36 6116363110 31 53570. El 11350 13330 3 5115
3163113265, 31363323330 3 336161305 11131; 11135 1716330 336 1730
36 30501105 1611161163313 31 60611610, 1101336 30 3313 5130 61 1111-
13610 3 365313156, 11350 33613316 ¹. Llegamos 3 Praga 63 3 o'
quatro 3135.

Ε5 61 6016310 36 praga muy 11113611131, 351 63 10 material por
tener muy 11363 51110 y muy 6511361050 57 561 13357 bien 1333330-
1101 61 61311613301 303 F 6131113330, 36 113633 316130113, 60130 1101
61 gran fruto 336 Dios N. S. haze 63 61 63 105 5611110365, confes-
510365, 616., 57 6511661311116316 63 105 65133133165. Η357 13361105, 5ν
q gran parte (161105 hijos 36 hereges 11351135, 6115705 1133165, 1716330
61 fruto (136 105 111105 36 6331011605 1133 1166110 57 113263 36 6333
(113, 57 61 11060 336 105 535705 53633 36 oyr 6313 173136151333 36
3336113 613333, 30336 1663 11351135, 1716363 3105 311651105, rogan—
(10165 336 16611133 535 hijos y 105 6356363 60130 3 105 01105; 1335
336 30 105 hagan papistas; y 1651103316113056165 3116 30501105 30
65101631305 3 33316, 1335 336 10305 105 336 1716363 3 33651135 65-
636135 1133 36 guardar 135 reglas 361135, 336 65 60316553156 6333
1365, 0571 311553 6333 (113 57 311163361 13 dotrina christiana, 603
651οᾸ56 165361363 3121633οε «Ε356333105 bien 57 113263 10 336
3315161365; 336 30501105 105 113161305 101331 3 3365113 religiOn.»
Desta 1333613 3636566, 30 5010 336 56 6033161133 105 111105, 1101-

¹ Cf. Epist. P. Nadal, ΙΙΙ, 256.

