SUPPLEMENTUM— 10 791

06 103 00631103 0313 13 11361011 63030013, vn 600163301 y (103 0 1163
1161103003.

Εο 3301 011161 36 11310 6011 61 obispo ¹ 06 13 1000361011, y se
010 01060 006 36 6010606336 3 1661 0131031163, 16101163 y griego.
Ha 60106300 61 obispo 06 00600 61 6016010 y 00130016 a. Hay
quince 0 016Ζ y 3613 06 103 00631103, 3νο006 [habram] 06 361 0133;
001006 13 100036100 63 00603.

De ally fui 3 Tornay, 00006 60 13 160611100 y 31001010 (16 103
11616063 106100 1166113003 103 00631103 y 0631166110 616016010, 006
613 61 1033 insigne 06 3006113 010010613, 33006303 13 0063 3111313
y 0061113003 103 110103, 616.; y 300006 103 11616063 6313030 573
060110 (16 6333, 103 00631103 00 36 0061130 031111 hasta 006163 106
01060300 36 03111636ος 30163 00 13110 611116 61103 00160, 0063133
133 10011133 001 116113, 103 11310303 y 10611303 00016000 13 mano
sobre 30 661012 3 006 16 60113360 13 630603, y 06Ζ130 103 1013613-
0163 006 00 0061130, 001006 103 00631103 00 0161636130 361 1031-
11163, 00 601600160οο 103 616003 06 juyzio 006 60 06211 6310 36
6000603030 3 31 10131003 001 1113003 y 103103. Ι)1036 01060 006
11001636 31157 310000 006 016016336, y vn confessor, 0 003, 06 103
00631103; y 3013 36 11313 06 10003136 νο3 6333 06 010036100, 006
3613 muy 3 010003110 0313 3006113 010010613.

De Tornay fuymos 3 (3311101351 3 6 06 Νο01610016, 60 61 0031
116100013 006113 613 606600103 60 Francia, y no 36 00013 601131
60 6113, y 5113116 30061 60116010, 00006 ay quince 0 10 06 103 11063-
1103. [16636 0131031163 y 16101163; 1132636 0013016 11010 001 13 01-
0103 013613, 63066131106016 60 13 1160060613 06 103 336130160103.
Ε313000 31151, 106 110010 3 1131031 “el 30030 06 Aquieinto 2, que
6313 6331 3 vna jornada 06 Cambray, 0313 113131· 06 13 100036100
06 vn 6016010 60 Duay, que 63 νο106131030, 3 vna jornada 06
Cambray. Τ131036, 10Ζο36 13 minuta 06 13 1000361011, y 61001036
3 0063110 Ρ3016 0606131, 331 60100 36 3111311 61001300 133 061033 06
Olomuz, Η61010011, 80113, Liegi y 3301 01061, No 131130 3006103

a Sequitur ά szcficiencia obliteratum.

¹ Gerardus ab Hamericourt.
9- Joannes Lentaillerus. Ibid.‚ 111, 583-586.

